latitude: 37.69259562568549
longitude: 129.03190319189127